              precision    recall  f1-score   support

           0       1.00      1.00      1.00        23
           1       1.00      0.95      0.98        21
           2       0.73      0.95      0.83        20
           3       1.00      1.00      1.00        26
           4       1.00      0.96      0.98        27
           5       0.94      0.94      0.94        17
           6       0.94      1.00      0.97        17
           7       1.00      1.00      1.00        14
           8       0.71      0.74      0.72        23
           9       1.00      0.90      0.95        20
          10       0.64      0.82      0.72        11
          11       0.89      0.81      0.85        21
          12       1.00      0.89      0.94        19
          13       0.83      0.79      0.81        24
          14       1.00      0.84      0.91        19
          15       0.94      0.94      0.94        17
          16       1.00      1.00      1.00        14
          17       1.00      1.00      1.00        23
          18       0.91      0.87      0.89        23
          19       0.95      0.91      0.93        23
          20       0.74      0.74      0.74        19
          21       0.82      0.95      0.88        19

    accuracy                           0.91       440
   macro avg       0.91      0.91      0.91       440
weighted avg       0.92      0.91      0.91       440
