              precision    recall  f1-score   support

           0       1.00      1.00      1.00        23
           1       1.00      1.00      1.00        21
           2       0.90      0.95      0.93        20
           3       1.00      1.00      1.00        26
           4       1.00      1.00      1.00        27
           5       0.94      1.00      0.97        17
           6       0.94      1.00      0.97        17
           7       1.00      1.00      1.00        14
           8       0.83      0.87      0.85        23
           9       0.95      0.95      0.95        20
          10       0.85      1.00      0.92        11
          11       1.00      0.95      0.98        21
          12       1.00      1.00      1.00        19
          13       1.00      0.92      0.96        24
          14       1.00      1.00      1.00        19
          15       1.00      1.00      1.00        17
          16       1.00      1.00      1.00        14
          17       0.96      0.96      0.96        23
          18       0.91      0.87      0.89        23
          19       1.00      1.00      1.00        23
          20       0.88      0.79      0.83        19
          21       1.00      1.00      1.00        19

    accuracy                           0.96       440
   macro avg       0.96      0.97      0.96       440
weighted avg       0.96      0.96      0.96       440
