              precision    recall  f1-score   support

           0       1.00      1.00      1.00        23
           1       1.00      1.00      1.00        21
           2       0.95      1.00      0.98        20
           3       1.00      1.00      1.00        26
           4       1.00      1.00      1.00        27
           5       1.00      1.00      1.00        17
           6       1.00      1.00      1.00        17
           7       1.00      1.00      1.00        14
           8       0.92      0.96      0.94        23
           9       1.00      1.00      1.00        20
          10       0.92      1.00      0.96        11
          11       1.00      0.95      0.98        21
          12       1.00      1.00      1.00        19
          13       1.00      0.92      0.96        24
          14       0.95      1.00      0.97        19
          15       1.00      1.00      1.00        17
          16       1.00      1.00      1.00        14
          17       1.00      1.00      1.00        23
          18       1.00      1.00      1.00        23
          19       1.00      1.00      1.00        23
          20       0.94      0.89      0.92        19
          21       1.00      1.00      1.00        19

    accuracy                           0.99       440
   macro avg       0.99      0.99      0.99       440
weighted avg       0.99      0.99      0.99       440
