              precision    recall  f1-score   support

           0       1.00      1.00      1.00        23
           1       1.00      1.00      1.00        21
           2       0.95      0.95      0.95        20
           3       1.00      1.00      1.00        26
           4       1.00      1.00      1.00        27
           5       0.94      1.00      0.97        17
           6       0.89      1.00      0.94        17
           7       1.00      1.00      1.00        14
           8       0.81      0.96      0.88        23
           9       0.91      1.00      0.95        20
          10       0.69      1.00      0.81        11
          11       1.00      0.90      0.95        21
          12       0.90      1.00      0.95        19
          13       1.00      0.83      0.91        24
          14       1.00      1.00      1.00        19
          15       1.00      1.00      1.00        17
          16       1.00      1.00      1.00        14
          17       1.00      0.96      0.98        23
          18       1.00      0.78      0.88        23
          19       1.00      1.00      1.00        23
          20       0.93      0.74      0.82        19
          21       1.00      1.00      1.00        19

    accuracy                           0.96       440
   macro avg       0.96      0.96      0.95       440
weighted avg       0.96      0.96      0.96       440
