              precision    recall  f1-score   support

           0       0.00      0.00      0.00        23
           1       0.00      0.00      0.00        21
           2       0.00      0.00      0.00        20
           3       1.00      1.00      1.00        26
           4       0.00      0.00      0.00        27
           5       0.00      0.00      0.00        17
           6       0.00      0.00      0.00        17
           7       0.00      0.00      0.00        14
           8       0.00      0.00      0.00        23
           9       0.00      0.00      0.00        20
          10       0.00      0.00      0.00        11
          11       0.00      0.00      0.00        21
          12       0.06      1.00      0.12        19
          13       0.00      0.00      0.00        24
          14       0.23      1.00      0.37        19
          15       0.00      0.00      0.00        17
          16       0.00      0.00      0.00        14
          17       0.00      0.00      0.00        23
          18       0.00      0.00      0.00        23
          19       0.00      0.00      0.00        23
          20       0.00      0.00      0.00        19
          21       0.00      0.00      0.00        19

    accuracy                           0.15       440
   macro avg       0.06      0.14      0.07       440
weighted avg       0.07      0.15      0.08       440
