              precision    recall  f1-score   support

           0       1.00      1.00      1.00        23
           1       1.00      1.00      1.00        21
           2       0.95      1.00      0.98        20
           3       1.00      1.00      1.00        26
           4       1.00      0.96      0.98        27
           5       1.00      1.00      1.00        17
           6       0.94      1.00      0.97        17
           7       1.00      1.00      1.00        14
           8       0.82      1.00      0.90        23
           9       1.00      1.00      1.00        20
          10       0.92      1.00      0.96        11
          11       1.00      0.95      0.98        21
          12       1.00      1.00      1.00        19
          13       1.00      0.96      0.98        24
          14       1.00      1.00      1.00        19
          15       1.00      1.00      1.00        17
          16       1.00      1.00      1.00        14
          17       1.00      1.00      1.00        23
          18       1.00      0.96      0.98        23
          19       1.00      1.00      1.00        23
          20       1.00      0.79      0.88        19
          21       1.00      1.00      1.00        19

    accuracy                           0.98       440
   macro avg       0.98      0.98      0.98       440
weighted avg       0.98      0.98      0.98       440
