              precision    recall  f1-score   support

           0       1.00      1.00      1.00        23
           1       1.00      1.00      1.00        21
           2       1.00      0.95      0.97        20
           3       1.00      1.00      1.00        26
           4       1.00      1.00      1.00        27
           5       0.94      1.00      0.97        17
           6       0.94      1.00      0.97        17
           7       1.00      1.00      1.00        14
           8       0.78      0.91      0.84        23
           9       0.91      1.00      0.95        20
          10       0.79      1.00      0.88        11
          11       1.00      0.95      0.98        21
          12       1.00      1.00      1.00        19
          13       1.00      0.92      0.96        24
          14       1.00      1.00      1.00        19
          15       1.00      1.00      1.00        17
          16       1.00      1.00      1.00        14
          17       1.00      1.00      1.00        23
          18       1.00      0.91      0.95        23
          19       1.00      1.00      1.00        23
          20       0.93      0.68      0.79        19
          21       1.00      1.00      1.00        19

    accuracy                           0.97       440
   macro avg       0.97      0.97      0.97       440
weighted avg       0.97      0.97      0.97       440
